185797819122
997371956267
437881764553
998933051903
473419043918
337063992406
533433416675
550622115656
458784309522
190161959253
462274947858
697554742022
33926440694
402794970583
835048004872
690231739539
601725632820
68663395394
875397041934
505740479206
550511641905
731169662665
201231230306
995629237580
481390281782
498392248450
62241539513
562769165219
825756894901
576608391784
32106034379
858781651529
263192522950
804733735601
276698086422
815422153190
529470928974
296321508855
189442238185
349888446470
935504763135
713624075686
313737642228
596524256485
850721868795
120537144772
222818235363
486978314159
256056770274
397598512793
462240356194
555028238645
538687994911
541284481790
718690574929
716028845496
157540343696
480151987259
299665244432
927826224941
726919570518
436453797833
30492343889
721098732979
266896130739
867778390198
185425730125
548827429854
462876855433
679877923518
252003837472
741158961506
732797450127
514825460120
647707473167
202334259811
12145972440
514960065608
383493257305
890530597007
743057962915
425229208419
856320305543
311735008965
69617922871
634030124291
680958983187
699877629415
209991213960
34893558356
222009428178
882006580052
374268498
238612921702
410986747829
782198110593
817144822476
96489879535
935971038444
993334202137
